0 1d00004 0
0 1d02000 0
0 1d04000 0
0 1d06000 0
0 1d08000 0
0 1d02008 0
0 1d01500 60
0 1d01408 50000000
0 1d01404 7000ffff
0 1d01404 7000ffff
0 1d01404 7000ffff
0 1d04008 0
0 1d03500 60
0 1d03408 50000000
0 1d03404 7000ffff
0 1d03404 7000ffff
0 1d03404 7000ffff
0 1d06008 0
0 1d05500 60
0 1d05408 50000000
0 1d05404 7000ffff
0 1d05404 7000ffff
0 1d05404 7000ffff
0 1d08008 0
0 1d07500 60
0 1d07408 50000000
0 1d07404 7000ffff
0 1d07404 7000ffff
0 1d07404 7000ffff
0 1d0200c 0
0 1d0400c 0
0 1d0600c 0
0 1d0800c 0
0 1e00004 0
0 1e02000 0
0 1e04000 0
0 1e06000 0
0 1e08000 0
0 1e02008 0
0 1e01500 60
0 1e01408 50000000
0 1e01404 7000ffff
0 1e01404 7000ffff
0 1e01404 7000ffff
0 1e04008 0
0 1e03500 60
0 1e03408 50000000
0 1e03404 7000ffff
0 1e03404 7000ffff
0 1e03404 7000ffff
0 1e06008 0
0 1e05500 60
0 1e05408 50000000
0 1e05404 7000ffff
0 1e05404 7000ffff
0 1e05404 7000ffff
0 1e08008 0
0 1e07500 60
0 1e07408 50000000
0 1e07404 7000ffff
0 1e07404 7000ffff
0 1e07404 7000ffff
0 1e0200c 0
0 1e0400c 0
0 1e0600c 0
0 1e0800c 0
